% Mast Angle, Arm Angle, Background RSSI, Transmission RSSI
-180.0,0.0,0.167307565168,2.11125321817
-178.0,0.0,0.177247239538,1.98437920028
-176.0,0.0,0.155150579602,1.53050610885
-174.0,0.0,0.169492051169,1.49785636717
-172.0,0.0,0.150874370568,1.11694568285
-170.0,0.0,0.165242353767,1.17808842644
-168.0,0.0,0.157121715508,1.48157278353
-166.0,0.0,0.164800890662,1.65606151333
-164.0,0.0,0.169503871664,2.0209390204
-162.0,0.0,0.175844199851,2.10590040627
-160.0,0.0,0.176970849551,2.48144069213
-158.0,0.0,0.155110597774,2.59372485843
-156.0,0.0,0.171125497371,2.82838458201
-154.0,0.0,0.21135658177,3.01818512753
-152.0,0.0,0.18673036474,3.08250510368
-150.0,0.0,0.219349798173,3.70801375803
-148.0,0.0,0.182821036063,3.51779612035
-146.0,0.0,0.181166516893,3.89289384705
-144.0,0.0,0.174134434737,3.87769102216
-142.0,0.0,0.196037291266,4.07323377159
-140.0,0.0,0.243035478637,4.20613412914
-138.0,0.0,0.197946399495,4.18838356337
-136.0,0.0,0.197470805131,4.32189607629
-134.0,0.0,0.234148738168,4.36557170814
-132.0,0.0,0.226328366973,4.47015110141
-130.0,0.0,0.229771987803,4.25916843635
-128.0,0.0,0.19162944109,4.50144019392
-126.0,0.0,0.209148262627,4.5348656081
-124.0,0.0,0.263083458856,4.57427966174
-122.0,0.0,0.229961440235,4.54745843455
-120.0,0.0,0.225597044006,4.71664694718
-118.0,0.0,0.212130774044,4.69768231234
-116.0,0.0,0.174156667463,4.61733425558
-114.0,0.0,0.216982080184,4.51164662993
-112.0,0.0,0.235223557189,4.65184795964
-110.0,0.0,0.229831615873,4.54702566463
-108.0,0.0,0.246218772896,4.54537704402
-106.0,0.0,0.216758527018,4.70469097072
-104.0,0.0,0.20202800218,4.61289395821
-102.0,0.0,0.173825168028,4.58185260609
-100.0,0.0,0.212962106295,4.95354746908
-98.0,0.0,0.218253822878,5.0337132974
-96.0,0.0,0.226309621178,4.70448519146
-94.0,0.0,0.226460714765,5.03259329951
-92.0,0.0,0.249564133599,5.42650252125
-90.0,0.0,0.204800862178,5.02819558966
-88.0,0.0,0.271234490775,5.44963840526
-86.0,0.0,0.231648279868,5.32907550472
-84.0,0.0,0.280726880722,5.57552884588
-82.0,0.0,0.245343478963,5.73450158018
-80.0,0.0,0.270966480024,5.71237735456
-78.0,0.0,0.247896154463,5.98074065715
-76.0,0.0,0.224236919865,6.20016980216
-74.0,0.0,0.232353587978,6.20332154036
-72.0,0.0,0.187082641482,6.06918486351
-70.0,0.0,0.229497772411,6.10769828218
-68.0,0.0,0.308392937824,6.29089013106
-66.0,0.0,0.219776558876,6.72096554744
-64.0,0.0,0.271102009006,6.28119104999
-62.0,0.0,0.271814250618,6.82329832283
-60.0,0.0,0.231230410554,6.74448172441
-58.0,0.0,0.35840588291,7.30250254297
-56.0,0.0,0.333664374515,7.29380624768
-54.0,0.0,0.267125355043,7.09656652141
-52.0,0.0,0.270318855166,7.45828805572
-50.0,0.0,0.217284556411,7.25723076528
-48.0,0.0,0.318943415381,7.82614728683
-46.0,0.0,0.315383191831,7.31179474264
-44.0,0.0,0.276562434942,7.66166632509
-42.0,0.0,0.313385733776,7.27221744186
-40.0,0.0,0.309946251772,7.67999737251
-38.0,0.0,0.327795523293,7.59887236309
-36.0,0.0,0.328122812353,6.94561533564
-34.0,0.0,0.294769381911,7.41271733016
-32.0,0.0,0.279915484548,7.28880473399
-30.0,0.0,0.280703986727,7.11543739107
-28.0,0.0,0.282269360662,7.01101788396
-26.0,0.0,0.215321277551,6.69053840315
-24.0,0.0,0.264660953574,6.69220164087
-22.0,0.0,0.296806103013,6.37592248636
-20.0,0.0,0.267819667481,6.44283199909
-18.0,0.0,0.281771984093,5.92832365471
-16.0,0.0,0.212701636143,5.9294188081
-14.0,0.0,0.263506138146,5.59167410094
-12.0,0.0,0.189021975338,5.45679810181
-10.0,0.0,0.191876099408,4.98236053589
-8.0,0.0,0.250161075428,4.62882568741
-6.0,0.0,0.214753232934,4.24239074838
-4.0,0.0,0.174435253054,3.91744638354
-2.0,0.0,0.20300927417,3.46620264515
0.0,0.0,0.163152843684,3.13392992166
2.0,0.0,0.170297388807,2.9440341498
4.0,0.0,0.172661803752,2.52406323457
6.0,0.0,0.17939573396,2.42890422788
8.0,0.0,0.186830161512,2.5867528787
10.0,0.0,0.195539134286,2.41978955212
12.0,0.0,0.187191634424,2.63914819482
14.0,0.0,0.163079112001,3.20287251732
16.0,0.0,0.187468531176,3.37347415745
18.0,0.0,0.20802495905,3.31262117153
20.0,0.0,0.190140013069,3.76889471525
22.0,0.0,0.223325096339,4.14336538818
24.0,0.0,0.206232295327,4.39101205063
26.0,0.0,0.180380904652,4.47718049836
28.0,0.0,0.209233029753,4.7437625308
30.0,0.0,0.234239817597,5.05541121188
32.0,0.0,0.281911743663,5.15032983428
34.0,0.0,0.224836689167,5.1998963311
36.0,0.0,0.249099139385,5.62424976283
38.0,0.0,0.190424912021,5.61828637266
40.0,0.0,0.281515569441,5.67095381966
42.0,0.0,0.200660903104,5.92009317207
44.0,0.0,0.247573247425,6.04804644027
46.0,0.0,0.218476330064,5.95883722132
48.0,0.0,0.244547207318,5.48089884585
50.0,0.0,0.291968309291,5.84614501637
52.0,0.0,0.222517047644,5.62688462478
54.0,0.0,0.211891479075,5.5552480554
56.0,0.0,0.221499857031,5.59421217397
58.0,0.0,0.297507344186,5.51363979632
60.0,0.0,0.226492712796,5.42740810135
62.0,0.0,0.300242543854,5.14963222927
64.0,0.0,0.224604797132,5.54359524357
66.0,0.0,0.258823503509,4.9314785659
68.0,0.0,0.215470303401,5.15349414361
70.0,0.0,0.196088510476,4.87736379221
72.0,0.0,0.200600398257,4.52223206159
74.0,0.0,0.241334181257,4.48991753295
76.0,0.0,0.177100491248,4.22772764623
78.0,0.0,0.224216202281,4.10073674384
80.0,0.0,0.195334596179,4.00016518328
82.0,0.0,0.20322333511,3.69751529408
84.0,0.0,0.170331704974,3.74455564082
86.0,0.0,0.198971089981,3.81231772912
88.0,0.0,0.21161242377,3.52182531828
90.0,0.0,0.185998494409,3.65868448952
92.0,0.0,0.195292278327,3.76045605677
94.0,0.0,0.19559589304,3.35254723024
96.0,0.0,0.192668562189,3.25625441161
98.0,0.0,0.170937449276,3.43094950551
100.0,0.0,0.187812504441,3.51122622901
102.0,0.0,0.19933683946,3.890849116
104.0,0.0,0.238508344859,3.69732682526
106.0,0.0,0.23811102213,3.72589852324
108.0,0.0,0.215377017722,4.02618563068
110.0,0.0,0.173599864796,4.14387907061
112.0,0.0,0.185465753272,4.10794209614
114.0,0.0,0.208504741766,4.36499521217
116.0,0.0,0.247503536686,4.51201026854
118.0,0.0,0.209159455858,4.51747588491
120.0,0.0,0.200172416247,4.37841445756
122.0,0.0,0.242483300693,4.52322380108
124.0,0.0,0.21563994053,4.46346209291
126.0,0.0,0.227541081637,4.74341311586
128.0,0.0,0.245574855208,4.48621139187
130.0,0.0,0.243085591003,4.50059354219
132.0,0.0,0.25253680069,4.74514971554
134.0,0.0,0.211922050014,4.44388712963
136.0,0.0,0.271013119921,4.07653278959
138.0,0.0,0.209597011141,3.96144671869
140.0,0.0,0.202350812964,4.48159816158
142.0,0.0,0.249277031228,4.21923554915
144.0,0.0,0.241867295355,4.25782157925
146.0,0.0,0.276004427388,4.0951467303
148.0,0.0,0.226357495725,4.05489044845
150.0,0.0,0.227799165413,3.84159797177
152.0,0.0,0.186741521053,3.843921462
154.0,0.0,0.220589667521,3.97476726311
156.0,0.0,0.233572483979,3.85253422481
158.0,0.0,0.17175027132,3.53944021687
160.0,0.0,0.178686755568,3.8065827986
162.0,0.0,0.173453104928,3.72902843276
164.0,0.0,0.225612642758,3.99137850001
166.0,0.0,0.204001814328,3.94056106192
168.0,0.0,0.17124181813,3.79860179663
170.0,0.0,0.20574605412,3.83117724928
172.0,0.0,0.213249737598,3.55976880288
174.0,0.0,0.221769589223,3.56536803648
176.0,0.0,0.218177071482,3.53968190894
178.0,0.0,0.23601462432,3.41380350527
180.0,0.0,0.176040661685,3.17281999344
