% Mast Angle, Arm Angle, Background RSSI, Transmission RSSI
-180.0,0.0,0.300984496579,19.6679831766
-178.0,0.0,0.425835541159,14.1665825953
-176.0,0.0,0.467108003229,10.2616950308
-174.0,0.0,0.431382981092,6.12039416882
-172.0,0.0,0.317763144001,4.91915148059
-170.0,0.0,0.374204037562,4.9877851077
-168.0,0.0,0.323847403586,5.40078825158
-166.0,0.0,0.324514222965,9.88758456215
-164.0,0.0,0.32860796237,14.2365717164
-162.0,0.0,0.380354313016,13.624459836
-160.0,0.0,0.412499378532,13.9561418658
-158.0,0.0,0.54320257023,17.614207567
-156.0,0.0,0.512219696119,22.4631616402
-154.0,0.0,0.52829037188,27.6188267922
-152.0,0.0,0.643135926977,27.1698449997
-150.0,0.0,0.347117431268,29.2649218356
-148.0,0.0,1.13881102239,31.1802986467
-146.0,0.0,0.578399344698,32.1906257182
-144.0,0.0,0.77638980031,34.5048141118
-142.0,0.0,0.454715737686,36.0666909997
-140.0,0.0,1.06454129386,36.9521260551
-138.0,0.0,0.762250331923,41.1393800972
-136.0,0.0,0.61935498178,42.3809988991
-134.0,0.0,0.708386158988,40.0155121758
-132.0,0.0,0.793783895329,39.0242096534
-130.0,0.0,1.15467877132,42.9747553504
-128.0,0.0,0.402294344112,43.4590029919
-126.0,0.0,0.492851041511,39.9894541848
-124.0,0.0,0.518480077833,44.6084306344
-122.0,0.0,0.254715819478,51.2556316835
-120.0,0.0,0.675423308119,49.055409288
-118.0,0.0,0.775249284014,49.3535713706
-116.0,0.0,0.749956253663,46.7764139503
-114.0,0.0,1.17664976893,49.6879142632
-112.0,0.0,0.333501204073,47.670204543
-110.0,0.0,1.63806184977,53.1916223133
-108.0,0.0,0.701002718821,49.135574904
-106.0,0.0,1.02528765413,51.3792388858
-104.0,0.0,0.947746310607,48.7843082837
-102.0,0.0,0.61532404463,50.3101874197
-100.0,0.0,1.04468786335,51.7771606832
-98.0,0.0,1.09459081323,48.474945871
-96.0,0.0,1.13955581297,47.9156661256
-94.0,0.0,1.26813240629,45.8329525301
-92.0,0.0,0.729247032627,48.72359931
-90.0,0.0,0.648806752518,47.7606912685
-88.0,0.0,0.607352488726,49.0171890508
-86.0,0.0,1.34785123619,48.5843978694
-84.0,0.0,0.492870288789,50.473094116
-82.0,0.0,1.36396868697,45.5926627855
-80.0,0.0,0.369405240372,51.1325174552
-78.0,0.0,0.789237689406,49.5178890941
-76.0,0.0,0.565394959792,53.2569273732
-74.0,0.0,0.517146075562,49.757689399
-72.0,0.0,0.879128893882,50.4775546055
-70.0,0.0,1.13740911134,53.3018879987
-68.0,0.0,1.25948728783,53.9859224826
-66.0,0.0,0.606679662392,55.3066293182
-64.0,0.0,1.3932795659,60.4299215572
-62.0,0.0,0.467794642016,62.9886506272
-60.0,0.0,0.458787098825,63.5658892993
-58.0,0.0,1.68210074835,63.183935879
-56.0,0.0,1.15111298254,56.2362856272
-54.0,0.0,1.3358297596,65.3593288288
-52.0,0.0,1.36862320346,64.7151341248
-50.0,0.0,0.669927749753,61.9414532728
-48.0,0.0,0.742000563815,65.3487391284
-46.0,0.0,0.706903813764,61.5733042253
-44.0,0.0,1.30457826728,61.6784396055
-42.0,0.0,1.68708502744,65.3209821844
-40.0,0.0,1.9472609684,63.382854188
-38.0,0.0,0.927520706624,59.9997152447
-36.0,0.0,0.786229236186,61.4781033986
-34.0,0.0,1.23729772846,64.4088161795
-32.0,0.0,1.4316449258,67.1067197485
-30.0,0.0,1.50343045399,63.2423654808
-28.0,0.0,1.14982863455,59.4008818048
-26.0,0.0,0.3491935132,64.034991574
-24.0,0.0,0.404811765581,61.0770474987
-22.0,0.0,0.608502614424,61.2578120651
-20.0,0.0,1.56360694347,58.4120647329
-18.0,0.0,1.12539618789,58.5020087497
-16.0,0.0,0.818623382732,53.6877667637
-14.0,0.0,0.999909924075,58.5732935634
-12.0,0.0,1.51091914509,46.6771087215
-10.0,0.0,0.535773089752,48.101758847
-8.0,0.0,1.43344460158,42.8325643868
-6.0,0.0,1.16846558021,40.0008564318
-4.0,0.0,1.23371234101,37.1758613409
-2.0,0.0,0.770211168602,33.1243748152
0.0,0.0,0.573981490269,30.720455482
2.0,0.0,0.547669121802,29.1482442219
4.0,0.0,0.813008321524,29.9332779218
6.0,0.0,0.589312230796,28.1008129404
8.0,0.0,0.821889173448,29.6543695655
10.0,0.0,0.905485517547,26.5668298268
12.0,0.0,0.784969174355,27.2782825122
14.0,0.0,0.471736393005,31.9954041906
16.0,0.0,0.597607832447,35.9017250565
18.0,0.0,0.63682462576,39.4042697613
20.0,0.0,1.17557778446,41.8213574288
22.0,0.0,1.14082430489,45.9108348628
24.0,0.0,0.437646749035,46.8015862552
26.0,0.0,0.306828594953,49.9019336691
28.0,0.0,0.383623980463,51.5774074177
30.0,0.0,0.539894938901,52.5107286315
32.0,0.0,0.888310657308,57.013793357
34.0,0.0,0.876599771723,53.8742388525
36.0,0.0,1.1304249136,55.6573918564
38.0,0.0,1.13700700045,59.627331273
40.0,0.0,0.684277843058,61.9423924615
42.0,0.0,1.07356957076,64.1253157164
44.0,0.0,1.46980268152,63.6376678659
46.0,0.0,0.297372322276,61.3815875563
48.0,0.0,1.30256313984,66.1355120901
50.0,0.0,1.36690956667,65.8416869504
52.0,0.0,1.33646888554,63.4852464355
54.0,0.0,0.734133283108,64.3149337513
56.0,0.0,0.770825368062,64.8207258272
58.0,0.0,0.509705719367,63.8658031092
60.0,0.0,1.73433080839,65.2055574125
62.0,0.0,0.44354927206,65.3628622493
64.0,0.0,1.27674238995,67.8060918217
66.0,0.0,1.22885633679,63.152726963
68.0,0.0,1.22089058344,63.1144144118
70.0,0.0,1.17358172809,67.3994274223
72.0,0.0,0.789502535194,65.9000845923
74.0,0.0,1.41020762056,65.8085935613
76.0,0.0,0.407698852822,75.0932642522
78.0,0.0,0.356357336029,68.5924028506
80.0,0.0,1.78540984957,72.2687829214
82.0,0.0,1.74614687084,67.0958534398
84.0,0.0,0.740550211489,73.3128512936
86.0,0.0,0.602777133107,66.6744052682
88.0,0.0,1.04138136229,66.2334254358
90.0,0.0,0.261974616051,67.0398102796
92.0,0.0,1.62212531729,67.496543479
94.0,0.0,1.50129202518,64.5490418217
96.0,0.0,0.533316641718,60.5220528578
98.0,0.0,1.75831637572,62.666407959
100.0,0.0,0.631771545321,58.7820862399
102.0,0.0,0.951007696375,57.5741204214
104.0,0.0,1.26641369252,59.2807921765
106.0,0.0,0.797077271506,63.3048967128
108.0,0.0,1.36934408499,66.3398512141
110.0,0.0,1.77097786312,59.9313987701
112.0,0.0,1.84196562284,52.2765819206
114.0,0.0,0.440410673827,56.5138815774
116.0,0.0,0.672590288267,58.4398311255
118.0,0.0,1.32500162806,55.7430451899
120.0,0.0,0.913421313822,56.4256842759
122.0,0.0,0.826042497233,53.3858252258
124.0,0.0,1.07565438268,51.1480827248
126.0,0.0,0.45282340841,52.4545403019
128.0,0.0,0.442553119272,57.9347295387
130.0,0.0,0.342073272675,53.0912696121
132.0,0.0,0.697222230837,52.3779653556
134.0,0.0,1.19948159283,51.2373948281
136.0,0.0,1.14121946226,50.8470668199
138.0,0.0,0.732265529975,52.615776275
140.0,0.0,0.620528951749,51.1392209363
142.0,0.0,0.822294589147,56.4688179753
144.0,0.0,1.36702182482,54.6164843047
146.0,0.0,0.373055288836,49.1771315861
148.0,0.0,1.04612825666,44.4792324022
150.0,0.0,0.399670320764,47.8455939805
152.0,0.0,0.589761736587,49.0412996651
154.0,0.0,0.688232691571,50.9071837194
156.0,0.0,0.870705684572,53.6505848594
158.0,0.0,1.23619875832,53.9427306376
160.0,0.0,0.506739051774,48.9793637683
162.0,0.0,1.22590742242,59.0930169747
164.0,0.0,0.352448002622,59.0905571234
166.0,0.0,1.53909378362,51.4364240853
168.0,0.0,1.148935614,56.6906229987
170.0,0.0,1.42657757252,51.6614546437
172.0,0.0,0.910704301417,49.3091185923
174.0,0.0,1.0485430021,51.8205604235
176.0,0.0,1.09770861383,47.6855095356
178.0,0.0,0.472754634961,47.597218412
180.0,0.0,1.19281648327,43.6683953472
