% Mast Angle, Arm Angle, Background RSSI, Transmission RSSI
-180.0,0.0,0.159540275231,0.558679426432
-178.0,0.0,0.147638048995,0.744695109755
-176.0,0.0,0.150908145085,0.633328211784
-174.0,0.0,0.146763533805,0.628251130939
-172.0,0.0,0.146926210914,0.573986805648
-170.0,0.0,0.150754298333,0.567836488515
-168.0,0.0,0.148937992502,0.513425217897
-166.0,0.0,0.149923132189,0.461311981142
-164.0,0.0,0.149251301557,0.439756377548
-162.0,0.0,0.147154424217,0.379092741758
-160.0,0.0,0.150114043489,0.355973843932
-158.0,0.0,0.149502600409,0.310894233674
-156.0,0.0,0.146846827716,0.221334863454
-154.0,0.0,0.151428586423,0.337335737154
-152.0,0.0,0.146717909876,0.368016837865
-150.0,0.0,0.149456051487,0.456831134856
-148.0,0.0,0.152964713991,0.504137466609
-146.0,0.0,0.148466250405,0.604721038282
-144.0,0.0,0.149059289489,0.648257068306
-142.0,0.0,0.148290783621,0.765365465105
-140.0,0.0,0.151822510961,0.781986551136
-138.0,0.0,0.146311328959,0.870485747248
-136.0,0.0,0.157729641456,0.946554005295
-134.0,0.0,0.152499905646,0.975200221926
-132.0,0.0,0.163226135291,0.927043000042
-130.0,0.0,0.151534715503,1.03125411466
-128.0,0.0,0.151875107609,0.891806599706
-126.0,0.0,0.154321805969,1.00212171632
-124.0,0.0,0.155166003238,1.02949890003
-122.0,0.0,0.153157570846,1.06085416326
-120.0,0.0,0.156752599534,0.981062612474
-118.0,0.0,0.161728332356,0.950883518189
-116.0,0.0,0.159304697864,0.823618040413
-114.0,0.0,0.15003795106,0.780171981663
-112.0,0.0,0.149476055574,0.705269396931
-110.0,0.0,0.150233930148,0.712313095242
-108.0,0.0,0.156252587304,0.685327651531
-106.0,0.0,0.1500793343,0.673084201187
-104.0,0.0,0.152566316403,0.559727710992
-102.0,0.0,0.154411617193,0.655023257822
-100.0,0.0,0.157370179649,0.669049537212
-98.0,0.0,0.152081112079,0.605350644499
-96.0,0.0,0.148108138423,0.736547490954
-94.0,0.0,0.149183185056,0.635463702291
-92.0,0.0,0.151877896551,0.684516429543
-90.0,0.0,0.148466352329,0.663002011299
-88.0,0.0,0.149529208582,0.71279767102
-86.0,0.0,0.156565959774,0.661168493956
-84.0,0.0,0.154649618566,0.598853387117
-82.0,0.0,0.146743725449,0.619766542494
-80.0,0.0,0.144869744506,0.602159776777
-78.0,0.0,0.150528600536,0.550680933237
-76.0,0.0,0.152739607874,0.530541908205
-74.0,0.0,0.149440240033,0.484545315146
-72.0,0.0,0.152754624456,0.449179426134
-70.0,0.0,0.149530304585,0.434085351288
-68.0,0.0,0.149743402027,0.445182702541
-66.0,0.0,0.147932572588,0.461998851627
-64.0,0.0,0.15122528895,0.496285796523
-62.0,0.0,0.148690169141,0.582370858252
-60.0,0.0,0.15042728116,0.586689840376
-58.0,0.0,0.151584117375,0.694802494705
-56.0,0.0,0.153271224219,0.719307199478
-54.0,0.0,0.154289327741,0.851148758888
-52.0,0.0,0.15790612169,0.892859449774
-50.0,0.0,0.162727107927,0.909614911467
-48.0,0.0,0.160038489059,1.0322423034
-46.0,0.0,0.159190336987,1.0357324734
-44.0,0.0,0.151088117793,1.10986329108
-42.0,0.0,0.162430721808,1.19762458566
-40.0,0.0,0.156879626758,1.3729029631
-38.0,0.0,0.156047884881,1.31906363821
-36.0,0.0,0.15912228179,1.41660603049
-34.0,0.0,0.167192808591,1.63044605404
-32.0,0.0,0.156529214568,1.63386173624
-30.0,0.0,0.169871569715,1.7428442654
-28.0,0.0,0.159204392165,1.82295751506
-26.0,0.0,0.164444590151,1.92690984738
-24.0,0.0,0.163519160807,2.02184975728
-22.0,0.0,0.179717387535,2.06319672376
-20.0,0.0,0.204683982514,2.15320362374
-18.0,0.0,0.178848769307,2.34997750807
-16.0,0.0,0.169396315485,2.27662566289
-14.0,0.0,0.188221875004,2.37049368137
-12.0,0.0,0.188843120493,2.46233526942
-10.0,0.0,0.229749973357,2.45623175421
-8.0,0.0,0.18679926274,2.48223894012
-6.0,0.0,0.19799951335,2.47444927409
-4.0,0.0,0.168507118918,2.25690048492
-2.0,0.0,0.205499927953,2.5524321132
0.0,0.0,0.184926641688,2.42439070493
2.0,0.0,0.17621987474,2.32647408679
4.0,0.0,0.171602300681,1.90817492512
6.0,0.0,0.193717235081,2.01748065409
8.0,0.0,0.159617729448,1.9195652971
10.0,0.0,0.161967544004,1.81369809753
12.0,0.0,0.172884015985,1.79380169842
14.0,0.0,0.165368030824,1.68034419265
16.0,0.0,0.168671072133,1.40609657219
18.0,0.0,0.168180679217,1.39248193452
20.0,0.0,0.168103361577,1.41992457578
22.0,0.0,0.158073439218,1.22029793742
24.0,0.0,0.160175501075,1.09898520407
26.0,0.0,0.157769851871,1.09250827235
28.0,0.0,0.154385825716,1.08279486892
30.0,0.0,0.173054868765,0.976551896662
32.0,0.0,0.154911753081,0.946815712869
34.0,0.0,0.154558738157,0.97168141672
36.0,0.0,0.158190139927,0.984228561252
38.0,0.0,0.157989861548,1.01392281047
40.0,0.0,0.16819643572,1.03351167789
42.0,0.0,0.154300149925,1.00108044502
44.0,0.0,0.154640191354,1.00514082065
46.0,0.0,0.159998233199,1.04701514691
48.0,0.0,0.158429270007,0.986891845673
50.0,0.0,0.164424428999,1.01289775777
52.0,0.0,0.151061908573,0.909734238058
54.0,0.0,0.163810683228,0.959694104373
56.0,0.0,0.157932262793,0.8691899966
58.0,0.0,0.155951797657,0.777066935748
60.0,0.0,0.163101750486,0.746722011566
62.0,0.0,0.151716065675,0.694460740268
64.0,0.0,0.157771115892,0.650078969926
66.0,0.0,0.154467069879,0.630976960391
68.0,0.0,0.156591958992,0.624068898141
70.0,0.0,0.150527078897,0.611747372389
72.0,0.0,0.151800445784,0.555885026604
74.0,0.0,0.154754239,0.518114382893
76.0,0.0,0.15515315409,0.53621053651
78.0,0.0,0.15257772113,0.535671743363
80.0,0.0,0.15636675977,0.563813137323
82.0,0.0,0.151522177059,0.526768455952
84.0,0.0,0.155164973188,0.512477637202
86.0,0.0,0.155637608446,0.554858005702
88.0,0.0,0.156466983005,0.551086458266
90.0,0.0,0.151826554108,0.577308307439
92.0,0.0,0.159936501212,0.578707571387
94.0,0.0,0.155424168512,0.534889135063
96.0,0.0,0.158418272495,0.536089351952
98.0,0.0,0.155151335202,0.503548685044
100.0,0.0,0.152638833411,0.503444218397
102.0,0.0,0.152997936375,0.486784381241
104.0,0.0,0.153223341458,0.530613724113
106.0,0.0,0.156895331129,0.612633594781
108.0,0.0,0.158260766819,0.667425337821
110.0,0.0,0.155662235536,0.676501476854
112.0,0.0,0.161592525035,0.794761101961
114.0,0.0,0.15469017718,0.85710840106
116.0,0.0,0.155645042289,0.88833555612
118.0,0.0,0.153433861658,0.846570796072
120.0,0.0,0.155828644983,0.935899170429
122.0,0.0,0.154013232023,0.915423040003
124.0,0.0,0.154384511232,0.820501386464
126.0,0.0,0.162048879996,0.916898870111
128.0,0.0,0.159959047578,0.842891021967
130.0,0.0,0.154674771748,0.750591252923
132.0,0.0,0.151591641828,0.689047295094
134.0,0.0,0.151064170584,0.608971037298
136.0,0.0,0.157017648451,0.520896421313
138.0,0.0,0.155079270884,0.497991223931
140.0,0.0,0.15151864133,0.422379795432
142.0,0.0,0.150934615836,0.420376972735
144.0,0.0,0.150588334121,0.395348229021
146.0,0.0,0.151807872802,0.411181729347
148.0,0.0,0.152276256621,0.383494112194
150.0,0.0,0.150074207377,0.395497262001
152.0,0.0,0.154929567702,0.378528537393
154.0,0.0,0.15214281711,0.357156490594
156.0,0.0,0.149274454806,0.330247632623
158.0,0.0,0.151844487093,0.361745044023
160.0,0.0,0.150141389191,0.338247594237
162.0,0.0,0.151039161447,0.188456206799
164.0,0.0,0.153855047546,0.326338793591
166.0,0.0,0.150864410587,0.350545588911
168.0,0.0,0.155022472888,0.366682924777
170.0,0.0,0.152916475236,0.426832698405
172.0,0.0,0.150516325388,0.42761668551
174.0,0.0,0.151089639697,0.509113692731
176.0,0.0,0.152446950745,0.500100851595
178.0,0.0,0.149557550341,0.482482356131
180.0,0.0,0.151374561563,0.479783441693
