% Mast Angle, Arm Angle, Background RSSI, Transmission RSSI
-180.0,0.0,0.159607736554,0.751485042989
-178.0,0.0,0.160418800317,0.816358576119
-176.0,0.0,0.15742465676,0.92114284271
-174.0,0.0,0.163006640606,0.800936415523
-172.0,0.0,0.156677945696,0.920388198227
-170.0,0.0,0.153276758783,0.898298639268
-168.0,0.0,0.160761844404,0.954863501728
-166.0,0.0,0.159096009396,1.01865386462
-164.0,0.0,0.165494724371,1.06057653993
-162.0,0.0,0.161536554441,1.11527648601
-160.0,0.0,0.165613385648,1.10392054006
-158.0,0.0,0.166822955772,1.11730802852
-156.0,0.0,0.176132126868,1.08576265067
-154.0,0.0,0.166651671059,1.11368429282
-152.0,0.0,0.163277162038,1.13385631004
-150.0,0.0,0.169429913387,1.11465010458
-148.0,0.0,0.16079494869,1.0449674643
-146.0,0.0,0.16514310497,1.05433270878
-144.0,0.0,0.166581970572,1.18231141502
-142.0,0.0,0.162943427987,1.06416197053
-140.0,0.0,0.159503119513,1.06448591506
-138.0,0.0,0.166443974167,1.01127131236
-136.0,0.0,0.161564940058,1.13525132066
-134.0,0.0,0.168376357511,1.06164648941
-132.0,0.0,0.157105457984,0.995811020076
-130.0,0.0,0.163391201496,1.12624968958
-128.0,0.0,0.157772993922,0.924273234308
-126.0,0.0,0.160677510284,0.907257185161
-124.0,0.0,0.158916572914,0.966942792356
-122.0,0.0,0.162070475884,0.903990972877
-120.0,0.0,0.161017504178,0.959795729578
-118.0,0.0,0.158542218275,0.960042411566
-116.0,0.0,0.16308364816,0.902480704427
-114.0,0.0,0.153096972976,1.08968259376
-112.0,0.0,0.164875426367,0.988601240963
-110.0,0.0,0.163233140938,1.03091415715
-108.0,0.0,0.172378985785,1.07953823739
-106.0,0.0,0.172428551547,1.19145631745
-104.0,0.0,0.168390191674,1.16199782178
-102.0,0.0,0.159439749815,1.13126734132
-100.0,0.0,0.167430617787,1.30891214857
-98.0,0.0,0.164070590377,1.27189157882
-96.0,0.0,0.169255188771,1.31697126633
-94.0,0.0,0.173189480014,1.35847756734
-92.0,0.0,0.162155734129,1.32078354293
-90.0,0.0,0.168884950124,1.46568330875
-88.0,0.0,0.169673796885,1.4927686998
-86.0,0.0,0.17176695919,1.55287134108
-84.0,0.0,0.163786845833,1.51610979998
-82.0,0.0,0.16782922329,1.59746933597
-80.0,0.0,0.179086895704,1.66057169768
-78.0,0.0,0.178013283983,1.7287822364
-76.0,0.0,0.186221386313,1.79614833093
-74.0,0.0,0.172777551807,2.01365756997
-72.0,0.0,0.191688082576,1.76828450125
-70.0,0.0,0.184872331932,1.99714372078
-68.0,0.0,0.169671062522,2.04856597719
-66.0,0.0,0.184832997985,2.02295230129
-64.0,0.0,0.207804721124,2.04890740955
-62.0,0.0,0.200198656872,2.06222573891
-60.0,0.0,0.189510399967,2.08716074646
-58.0,0.0,0.185863493696,2.11939042982
-56.0,0.0,0.187654878229,1.99723734474
-54.0,0.0,0.193976206109,2.07008701909
-52.0,0.0,0.184754572585,2.04942875311
-50.0,0.0,0.193793730527,2.09595694363
-48.0,0.0,0.168941790685,2.03214611328
-46.0,0.0,0.176158156566,2.11015817696
-44.0,0.0,0.179633696675,1.99499644068
-42.0,0.0,0.177918811671,2.08874844959
-40.0,0.0,0.195728945784,1.94093465424
-38.0,0.0,0.183263197646,1.93872289211
-36.0,0.0,0.183921228439,1.77417547965
-34.0,0.0,0.176635393657,1.84712095356
-32.0,0.0,0.190204952113,1.76729679704
-30.0,0.0,0.176070970669,1.59599060535
-28.0,0.0,0.178859412611,1.73185130554
-26.0,0.0,0.187312203445,1.63310299125
-24.0,0.0,0.176426247835,1.42777164465
-22.0,0.0,0.177938442998,1.3060658187
-20.0,0.0,0.167256674394,1.40991686597
-18.0,0.0,0.172924670815,1.33918111745
-16.0,0.0,0.161470353372,1.27696763891
-14.0,0.0,0.167878691845,1.03224682602
-12.0,0.0,0.155847127795,1.04776064384
-10.0,0.0,0.157496057961,0.974655767918
-8.0,0.0,0.147708891805,0.755751573086
-6.0,0.0,0.161144273914,0.556005567431
-4.0,0.0,0.155162228227,0.467073270649
-2.0,0.0,0.150294233907,0.441592857718
0.0,0.0,0.155113033548,0.460292361826
2.0,0.0,0.155642254673,0.425699035019
4.0,0.0,0.153002732113,0.330467609599
6.0,0.0,0.155482779145,0.360365255073
8.0,0.0,0.152493749458,0.380929077148
10.0,0.0,0.151639264233,0.432391846955
12.0,0.0,0.153028942369,0.464235255778
14.0,0.0,0.151525317043,0.523074477494
16.0,0.0,0.154766624302,0.605475061506
18.0,0.0,0.159480291128,0.692959324926
20.0,0.0,0.160002343237,0.679169953614
22.0,0.0,0.159664639629,0.779066295326
24.0,0.0,0.159794405945,0.7566866301
26.0,0.0,0.165821747869,0.85542063719
28.0,0.0,0.163229761116,0.913790299445
30.0,0.0,0.165576119751,0.999261214644
32.0,0.0,0.165819627278,1.01086559287
34.0,0.0,0.165121061102,1.16282275054
36.0,0.0,0.16546864856,1.07795474991
38.0,0.0,0.172001420826,1.17557338732
40.0,0.0,0.159406578645,1.16072520876
42.0,0.0,0.162032275662,1.18310652801
44.0,0.0,0.155849971756,1.15984344152
46.0,0.0,0.176434416197,1.17070692194
48.0,0.0,0.172589895643,1.11635671383
50.0,0.0,0.153192585036,1.09985773796
52.0,0.0,0.160622463748,1.10461599305
54.0,0.0,0.163601669699,1.05114499894
56.0,0.0,0.154438807577,0.977843642175
58.0,0.0,0.157741059929,1.05186043057
60.0,0.0,0.155995344296,0.937205010325
62.0,0.0,0.157282137454,0.950860301673
64.0,0.0,0.168510833621,1.01753939223
66.0,0.0,0.158611455016,0.927403850913
68.0,0.0,0.155888018467,0.990518707156
70.0,0.0,0.15348604776,0.87901905486
72.0,0.0,0.163264868669,1.0031470499
74.0,0.0,0.158929842405,0.930966421574
76.0,0.0,0.158082605928,0.959140924275
78.0,0.0,0.165077808812,1.06679999214
80.0,0.0,0.163266497456,1.16041662538
82.0,0.0,0.158241413072,1.16332518885
84.0,0.0,0.181891932264,1.18532713562
86.0,0.0,0.157848617956,1.23061746949
88.0,0.0,0.162208540343,1.33227106804
90.0,0.0,0.177635373451,1.37921657524
92.0,0.0,0.166238099277,1.4351430347
94.0,0.0,0.163786287934,1.53449474648
96.0,0.0,0.162041075401,1.49792955145
98.0,0.0,0.173388881393,1.54386601844
100.0,0.0,0.175315916151,1.64808550152
102.0,0.0,0.186495301105,1.6588986086
104.0,0.0,0.174464394614,1.76036163136
106.0,0.0,0.16983416032,1.6250071708
108.0,0.0,0.163150234684,1.76809328842
110.0,0.0,0.171711931251,1.63645866996
112.0,0.0,0.18654231406,1.76408893189
114.0,0.0,0.169527878433,1.8156949558
116.0,0.0,0.182387376599,1.66021374634
118.0,0.0,0.176667180836,1.7494468489
120.0,0.0,0.184854014605,1.69868256477
122.0,0.0,0.166658310272,1.68606117576
124.0,0.0,0.168005761534,1.60855823329
126.0,0.0,0.173359243527,1.75300490141
128.0,0.0,0.16760733065,1.7660007233
130.0,0.0,0.175291286394,1.66223907706
132.0,0.0,0.166515888497,1.54907472515
134.0,0.0,0.174687965907,1.56734085143
136.0,0.0,0.173353038013,1.48390962303
138.0,0.0,0.169114812478,1.47949991009
140.0,0.0,0.168999173306,1.36591823381
142.0,0.0,0.17213761384,1.35786853167
144.0,0.0,0.178080352463,1.29427138674
146.0,0.0,0.17645355466,1.38397847998
148.0,0.0,0.167429423898,1.30122551423
150.0,0.0,0.169886440225,1.36260026541
152.0,0.0,0.164586589105,1.38258313075
154.0,0.0,0.165808649175,1.244432163
156.0,0.0,0.167800604217,1.20548536903
158.0,0.0,0.169152375564,1.12351444539
160.0,0.0,0.163034952104,1.08534142661
162.0,0.0,0.161238636293,0.982926701248
164.0,0.0,0.155928572528,0.981890467346
166.0,0.0,0.164485110238,0.948627337486
168.0,0.0,0.155463167459,0.884855792016
170.0,0.0,0.163058131278,0.869606286615
172.0,0.0,0.16261138992,0.741621255726
174.0,0.0,0.155170968719,0.653881489664
176.0,0.0,0.163102291673,0.608533562809
178.0,0.0,0.153056366716,0.538810460359
180.0,0.0,0.152893553369,0.525194154799
