% Mast Angle, Arm Angle, Background RSSI, Transmission RSSI
-180.0,0.0,0.219784078293,4.03476031029
-178.0,0.0,0.261007605955,3.93072400123
-176.0,0.0,0.245668475091,3.94249916363
-174.0,0.0,0.264311605893,4.17452312279
-172.0,0.0,0.263416858487,3.79988311729
-170.0,0.0,0.193757936187,3.82150829899
-168.0,0.0,0.233318258807,3.3345891552
-166.0,0.0,0.218999724001,3.13355085883
-164.0,0.0,0.263458213195,3.04368355697
-162.0,0.0,0.188998122171,2.70311050364
-160.0,0.0,0.186262188919,2.51109053701
-158.0,0.0,0.214572056614,2.24783494106
-156.0,0.0,0.203433119632,1.98102495754
-154.0,0.0,0.195131194293,1.76261863109
-152.0,0.0,0.210596226968,1.72991216686
-150.0,0.0,0.192282592028,1.50910855767
-148.0,0.0,0.195760241449,1.35594353452
-146.0,0.0,0.175427521467,1.31834169111
-144.0,0.0,0.194495709345,1.3026476261
-142.0,0.0,0.203464211434,1.25903321511
-140.0,0.0,0.191687652297,1.26250216272
-138.0,0.0,0.193358276077,1.32555780739
-136.0,0.0,0.189180850089,1.26435903275
-134.0,0.0,0.181980227128,1.40049196312
-132.0,0.0,0.188052978344,1.21701525545
-130.0,0.0,0.201241610132,1.35580764502
-128.0,0.0,0.208486678705,1.3213341333
-126.0,0.0,0.198664027534,1.41394076732
-124.0,0.0,0.174391928665,1.30621646214
-122.0,0.0,0.182924749985,1.24789202398
-120.0,0.0,0.20186308372,1.34435818526
-118.0,0.0,0.183215767562,1.31253884429
-116.0,0.0,0.192814889312,1.25310236475
-114.0,0.0,0.186190941721,1.12632136914
-112.0,0.0,0.186536429308,1.09447182098
-110.0,0.0,0.190334046744,0.974439711958
-108.0,0.0,0.181983822539,0.906259768695
-106.0,0.0,0.178659421884,0.884227012843
-104.0,0.0,0.184356613494,0.7439449642
-102.0,0.0,0.185109671183,0.677779767752
-100.0,0.0,0.184160065755,0.611383903563
-98.0,0.0,0.181157937989,0.534957376301
-96.0,0.0,0.188743814267,0.49003213501
-94.0,0.0,0.186303710476,0.460067960829
-92.0,0.0,0.185029724412,0.419269453466
-90.0,0.0,0.1808859348,0.431386167854
-88.0,0.0,0.172350666836,0.491944989175
-86.0,0.0,0.188810188271,0.523181956768
-84.0,0.0,0.185863431044,0.627864670575
-82.0,0.0,0.191305894047,0.65451011014
-80.0,0.0,0.181474445321,0.786753314734
-78.0,0.0,0.195723273836,0.829016051143
-76.0,0.0,0.185915037312,0.973492474198
-74.0,0.0,0.193453701816,1.08468839774
-72.0,0.0,0.195917114638,1.14615293762
-70.0,0.0,0.181243715316,1.24640247536
-68.0,0.0,0.185563398853,1.28740665972
-66.0,0.0,0.184961847685,1.42759992355
-64.0,0.0,0.200477270581,1.41771440622
-62.0,0.0,0.19711093501,1.68654429752
-60.0,0.0,0.206279005945,1.42470377037
-58.0,0.0,0.219591277353,1.63649227536
-56.0,0.0,0.205478279665,1.49573878396
-54.0,0.0,0.202576546118,1.54339915967
-52.0,0.0,0.215416110896,1.43352745622
-50.0,0.0,0.190556626454,1.35246951574
-48.0,0.0,0.173261467069,1.22850659528
-46.0,0.0,0.196236248359,1.12637532768
-44.0,0.0,0.192229687884,1.137364236
-42.0,0.0,0.181146252558,1.12711371925
-40.0,0.0,0.180176232271,0.979670820922
-38.0,0.0,0.180939512983,1.07718306369
-36.0,0.0,0.185107109427,1.03838112518
-34.0,0.0,0.172306704544,0.967643418938
-32.0,0.0,0.16514685972,1.11653472364
-30.0,0.0,0.174834760249,1.16321464968
-28.0,0.0,0.192458387151,1.22372826365
-26.0,0.0,0.175945887767,1.28001887217
-24.0,0.0,0.191071764417,1.51704663837
-22.0,0.0,0.194703329332,1.52397922543
-20.0,0.0,0.199728683792,1.69294236368
-18.0,0.0,0.213707947433,1.710620498
-16.0,0.0,0.215882546552,2.01204460639
-14.0,0.0,0.214439564019,1.97004678938
-12.0,0.0,0.191044018358,1.87601760283
-10.0,0.0,0.225556600213,2.00555893198
-8.0,0.0,0.236614313781,1.976338056
-6.0,0.0,0.243258759081,2.25517645329
-4.0,0.0,0.226961664245,2.05790261784
-2.0,0.0,0.250189075321,2.31877411011
0.0,0.0,0.240145341255,2.19832036665
2.0,0.0,0.244477651611,2.29887929419
4.0,0.0,0.20414580597,2.1823970134
6.0,0.0,0.19889710474,1.85691965565
8.0,0.0,0.186119151503,2.15951022139
10.0,0.0,0.193859237619,2.03324148875
12.0,0.0,0.205278392918,1.81792945993
14.0,0.0,0.211077612683,1.89057060653
16.0,0.0,0.251928489134,1.77233225664
18.0,0.0,0.216189061306,1.81970787966
20.0,0.0,0.205271072701,1.77360101539
22.0,0.0,0.197442207374,1.60651318964
24.0,0.0,0.182554292709,1.42664022282
26.0,0.0,0.193244018346,1.31601524535
28.0,0.0,0.184556481063,1.18892798877
30.0,0.0,0.191314237677,0.997041236609
32.0,0.0,0.201076556124,1.06848780581
34.0,0.0,0.189427279502,0.983302176893
36.0,0.0,0.180647516787,1.04647345448
38.0,0.0,0.180886967905,0.928435540855
40.0,0.0,0.165522648912,1.02759927675
42.0,0.0,0.182876955301,1.04350687
44.0,0.0,0.188421469145,1.11291788125
46.0,0.0,0.189070868708,1.2058694742
48.0,0.0,0.18357060267,1.35936620024
50.0,0.0,0.197980774745,1.42632926533
52.0,0.0,0.20590885593,1.55191217709
54.0,0.0,0.201908564754,1.51497642413
56.0,0.0,0.196917326905,1.54009220609
58.0,0.0,0.197086743146,1.49753069839
60.0,0.0,0.187956692286,1.51913346338
62.0,0.0,0.180805599704,1.34437184933
64.0,0.0,0.183006942131,1.20781746179
66.0,0.0,0.175506433308,1.23958668137
68.0,0.0,0.173788342528,1.11574657652
70.0,0.0,0.180894294679,1.01117240664
72.0,0.0,0.18192380923,0.939840592533
74.0,0.0,0.179215670113,1.01713723341
76.0,0.0,0.183831232421,1.09193932396
78.0,0.0,0.197019243896,1.08572605619
80.0,0.0,0.175614533193,1.16817235193
82.0,0.0,0.182005291708,1.17884419546
84.0,0.0,0.192343325458,1.31266623747
86.0,0.0,0.208482023582,1.38628576249
88.0,0.0,0.205056679204,1.4049465045
90.0,0.0,0.199726305626,1.41154636836
92.0,0.0,0.19355190669,1.50513048452
94.0,0.0,0.183100184262,1.34773020443
96.0,0.0,0.184317760624,1.34592158797
98.0,0.0,0.206679454021,1.27536376709
100.0,0.0,0.169836515144,1.13519386104
102.0,0.0,0.1773238196,1.01258286208
104.0,0.0,0.188723975144,0.900408495128
106.0,0.0,0.205247555457,0.858533876777
108.0,0.0,0.217972752139,0.708099043995
110.0,0.0,0.175170192264,0.584302895635
112.0,0.0,0.177723939046,0.566177090615
114.0,0.0,0.17474251388,0.474102907985
116.0,0.0,0.167810732521,0.483204737425
118.0,0.0,0.171257239498,0.552126773685
120.0,0.0,0.167737350799,0.542288029015
122.0,0.0,0.169450489037,0.581268968046
124.0,0.0,0.164643808048,0.596685338914
126.0,0.0,0.168667287789,0.563020678669
128.0,0.0,0.168817003459,0.464868747652
130.0,0.0,0.16926689177,0.452508116245
132.0,0.0,0.17196042864,0.296305563107
134.0,0.0,0.166204373568,0.336218445718
136.0,0.0,0.186576129571,0.497285844713
138.0,0.0,0.164350115407,0.723163582444
140.0,0.0,0.180646661326,0.933167077869
142.0,0.0,0.187051319011,1.30156978741
144.0,0.0,0.171211872481,1.46672477713
146.0,0.0,0.189785797596,1.63533796388
148.0,0.0,0.202940088876,2.01609424278
150.0,0.0,0.205736372918,2.32311442274
152.0,0.0,0.218280927539,2.50423492065
154.0,0.0,0.209841323778,2.38511729917
156.0,0.0,0.212010788701,2.68267718631
158.0,0.0,0.185149987802,2.43502451733
160.0,0.0,0.192423082016,2.48656985125
162.0,0.0,0.192010199629,2.29484572157
164.0,0.0,0.218206894845,2.38413472992
166.0,0.0,0.196905287676,2.1348217614
168.0,0.0,0.222423310071,2.11682956922
170.0,0.0,0.206130443275,2.3607627601
172.0,0.0,0.184202599764,2.61203044692
174.0,0.0,0.208211909108,2.89443336624
176.0,0.0,0.197168019362,3.31879999518
178.0,0.0,0.241538505152,3.25546884385
180.0,0.0,0.24641736313,3.21301334143
